%Visualizing the output data

%Copy paste your data

testLV =  [21, 20, 16, 10, 8, 8, 8, 9, 15, 25, 44, 53, 57, 56, 56, 56, 58, 59, 59, 60, 60, 59, 59, 59, 60, 61, 64, 64, 64, 65, 65, 64, 64, 65, 68, 69, 72, 69, 70, 73, 75, 74, 76, 79, 79, 82, 83, 87, 87, 88, 88, 89, 89, 88, 87, 88, 88, 88, 87, 100, 76, 85, 86, 86, 86, 86, 87, 86, 86, 85, 85, 84, 80, 79, 78, 78, 76, 75, 74, 75, 74, 73, 91, 95, 82, 88, 79, 83, 82, 92, 100, 96, 73, 100, 100, 100, 100, 100, 100, 100, 100, 100, 100, 100, 100, 92, 88, 95, 96, 97, 97, 100, 98, 82, 74, 75, 78, 77, 76, 74, 75, 74, 73, 73, 70, 70, 70, 69, 70, 70, 72, 72, 71, 70, 71, 72, 73, 76, 77, 79, 78, 77, 76, 76, 76, 75, 76, 77, 77, 76, 75, 73, 73, 75, 78, 79, 80, 81, 83, 84, 84, 85, 86, 86, 86, 87, 88, 90, 91, 91, 92, 92, 93, 93, 93, 92, 92, 93, 93, 93, 93, 92, 90, 94, 86, 85, 73, 77, 78, 78, 78, 78, 78, 76, 75, 74, 73, 73, 72, 71, 71, 69, 68, 69, 70, 70, 70, 70, 70, 72, 75, 77, 78, 79, 83, 87, 90, 84, 78, 78, 77, 76, 77, 77, 78, 79, 79, 79, 79, 79, 78, 79, 81, 83, 84, 84, 84, 82, 78, 75, 73, 71, 72, 72, 70, 62, 67, 68, 72, 90, 92, 79, 70, 70, 61, 36, 47, 49, 50, 52, 53, 54, 55, 56, 58, 59, 59, 60, 60, 61, 62, 65, 67, 68, 69, 69, 66, 66, 68, 70, 71, 71, 73, 74, 76, 77, 78, 80, 79, 72, 64, 64, 66, 68, 69, 70, 71, 70, 68, 66, 66, 66, 68, 69, 71, 72, 72, 70, 70, 70, 70, 71, 77, 72, 71, 67, 47, 65, 80, 72, 65, 63, 59, 55, 53, 51, 49, 47, 45, 44, 43, 44, 44, 44, 45, 44, 44, 44, 44, 46, 47, 48, 49, 51, 50, 50, 47, 46, 44, 43, 41, 40, 39, 34, 26, 15, 5, 32, 6, 82, 80, 81, 83, 83, 84, 84, 85, 85, 82, 80, 79, 79, 78, 77, 78, 78, 76, 75, 86, 72, 70, 70, 73, 73, 73, 73, 74, 74, 74, 73, 74, 75, 77, 79, 80, 81, 82, 82, 83, 84, 85, 86, 85, 85, 86, 87, 88, 89, 89, 87, 87, 86, 85, 84, 82, 82, 86, 85, 84, 81, 90, 79, 81, 77, 75, 76, 77, 80, 83, 86, 89, 93, 94, 87, 76, 100, 97, 95, 95, 95, 95, 93, 91, 90, 89, 86, 85, 85, 84, 81, 80, 77, 76, 76, 79, 78, 78, 78, 79, 80, 79, 78, 78, 79, 79, 79, 78, 79, 80, 79, 78, 78, 79, 79, 77, 76, 77, 79, 79, 78, 78, 77, 77, 78, 79, 78, 78, 79, 78, 78, 79, 78, 78, 79, 79, 79, 79, 79, 79, 79, 79, 79, 79, 79, 79, 79, 79, 79, 79, 79, 79, 79, 79, 79, 79, 78, 77, 78, 79, 79, 78, 78, 78, 78, 79, 79, 78, 78, 78, 79, 79, 79, 78, 78, 79, 80, 80, 79, 78, 79, 80, 80, 79, 79, 79, 80, 80, 80, 79, 79, 80, 80, 80, 80, 79, 79, 80, 80, 80, 80, 79, 79, 79, 79, 77, 78, 79, 79, 78, 78, 79, 79, 78, 78, 79, 80, 80, 78, 78, 78, 80, 80, 79, 78, 78, 80, 84, 84, 81, 79, 77, 76, 77, 79, 81, 78, 73, 64, 61] ;
%%%%%%%%%%%%%%%%%%%%%%%%%%%%%%%%%%%%%%%%%%%%%%%%%%%%%%%%%%%%%%%%%%%%%%%%
testLC =  [0, 0, 0, 0, 0, 0, 0, 0, 0, 0, 0, 0, 0, 0, 0, 0, 0, 0, 0, 0, 0, 0, 0, 0, 0, 0, 0, 0, 0, 0, 0, 0, 0, 0, 0, 0, 0, 0, 0, 0, 0, 0, 0, 0, 0, 0, 0, 0, 0, 0, 0, 0, 0, 0, 0, 0, 0, 0, 0, 0, 0, 0, 0, 0, 0, 0, 0, 0, 0, 0, 0, 0, 0, 0, 0, 0, 0, 0, 0, 0, 0, 0, 0, 0, 0, 0, 0, 0, 0, 0, 0, 0, 0, 0, 0, 0, 0, 0, 0, 0, 0, 0, 0, 0, 0, 0, 0, 0, 0, 0, 0, 0, 0, 0, 0, 0, 0, 0, 0, 0, 0, 0, 0, 0, 0, 0, 0, 0, 0, 0, 0, 0, 0, 0, 0, 0, 0, 0, 0, 0, 0, 0, 0, 0, 0, 0, 0, 0, 0, 0, 0, 0, 0, 0, 0, 0, 0, 0, 0, 0, 0, 0, 0, 0, 0, 0, 0, 0, 0, 0, 0, 0, 0, 0, 0, 0, 0, 0, 0, 0, 0, 0, 0, 0, 0, 0, 0, 0, 0, 0, 0, 0, 0, 0, 0, 0, 0, 0, 0, 0, 0, 0, 0, 0, 0, 0, 0, 0, 0, 0, 0, 0, 0, 0, 0, 0, 0, 0, 0, 0, 0, 0, 0, 0, 0, 0, 0, 0, 0, 0, 0, 0, 0, 0, 0, 0, 0, 0, 0, 0, 0, 0, 0, 0, 0, 0, 0, 0, 0, 0, 0, 0, 0, 0, 0, 0, 0, 0, 0, 0, 0, 0, 0, 0, 0, 0, 0, 0, 0, 0, 0, 0, 0, 0, 0, 0, 0, 0, 0, 0, 0, 0, 0, 0, 0, 0, 0, 0, 0, 0, 0, 0, 0, 0, 0, 0, 0, 0, 0, 0, 0, 0, 0, 0, 0, 0, 0, 0, 0, 0, 0, 0, 0, 0, 0, 0, 0, 0, 0, 0, 0, 0, 0, 0, 0, 0, 0, 0, 0, 0, 0, 0, 0, 0, 0, 0, 0, 0, 0, 0, 0, 0, 0, 0, 0, 0, 0, 0, 0, 0, 0, 0, 0, 0, 0, 0, 0, 0, 0, 0, 0, 0, 0, 0, 0, 0, 0, 0, 0, 0, 0, 0, 0, 0, 0, 0, 0, 0, 0, 0, 0, 0, 0, 0, 0, 0, 0, 0, 0, 0, 0, 0, 0, 0, 0, 0, 0, 0, 0, 0, 0, 0, 0, 0, 0, 0, 0, 0, 0, 0, 0, 0, 0, 0, 0, 0, 0, 0, 0, 0, 0, 0, 0, 0, 0, 0, 0, 0, 0, 0, 0, 0, 0, 0, 0, 0, 0, 0, 0, 0, 0, 0, 0, 0, 0, 0, 0, 0, 0, 0, 0, 0, 0, 0, 0, 0, 0, 0, 0, 0, 0, 0, 0, 0, 0, 0, 0, 0, 0, 0, 0, 0, 0, 0, 0, 0, 0, 0, 0, 0, 0, 0, 0, 0, 0, 0, 0, 0, 0, 0, 0, 0, 0, 0, 0, 0, 0, 0, 0, 0, 0, 0, 0, 0, 0, 0, 0, 0, 0, 0, 0, 0, 0, 0, 0, 0, 0, 0, 0, 0, 0, 0, 0, 0, 0, 0, 0, 0, 0, 0, 0, 0, 0, 0, 0, 0, 0, 0, 0, 0, 0, 0, 0, 0, 0, 0, 0, 0, 0, 0, 0, 0, 0, 0, 0, 0, 0, 0, 0, 0, 0, 0, 0, 0, 0, 0, 0, 0, 0, 0, 0, 0, 0, 0, 0, 0, 0, 0, 0, 0, 0, 0, 0, 0, 0, 0, 0, 0, 0, 0, 0, 0, 0, 0, 0, 0, 0, 0, 0] ;
%%%%%%%%%%%%%%%%%%%%%%%%%%%%%%%%%%%%%%%%%%%%%%%%%%%%%%%%%%%%%%%%%%%%%%%%
testDV =  [2550, 2550, 2550, 2550, 2550, 2550, 2550, 2550, 2550, 2550, 2550, 31, 31, 40, 40, 46, 46, 38, 32, 32, 32, 38, 38, 50, 50, 46, 38, 40, 40, 40, 40, 50, 50, 57, 57, 65, 77, 77, 77, 76, 82, 99, 99, 120, 120, 120, 120, 120, 120, 120, 120, 120, 120, 120, 120, 120, 120, 120, 340, 403, 2550, 2550, 2550, 2550, 2550, 2550, 2550, 2550, 2550, 2550, 2550, 2550, 2550, 2550, 2550, 2550, 2550, 2550, 2550, 2550, 326, 198, 189, 204, 265, 546, 492, 326, 322, 247, 233, 241, 326, 326, 321, 326, 326, 326, 326, 326, 326, 326, 326, 326, 321, 326, 326, 326, 326, 326, 321, 326, 281, 242, 191, 138, 93, 93, 93, 95, 86, 86, 86, 86, 82, 76, 76, 76, 78, 78, 67, 67, 67, 65, 65, 58, 59, 57, 57, 50, 51, 51, 51, 49, 49, 44, 44, 40, 40, 40, 40, 38, 38, 38, 36, 36, 36, 31, 31, 31, 31, 32, 32, 32, 32, 32, 32, 32, 30, 30, 31, 31, 32, 32, 32, 31, 31, 31, 31, 31, 31, 32, 32, 31, 44, 44, 40, 40, 40, 44, 44, 46, 46, 50, 50, 55, 55, 57, 57, 65, 65, 67, 67, 72, 72, 77, 77, 103, 103, 109, 109, 109, 109, 109, 109, 109, 109, 109, 109, 109, 114, 114, 114, 114, 120, 120, 145, 145, 145, 145, 145, 145, 145, 145, 145, 145, 145, 145, 145, 145, 145, 145, 145, 145, 397, 834, 326, 328, 227, 211, 326, 191, 126, 86, 86, 84, 65, 57, 55, 50, 50, 51, 49, 49, 49, 46, 46, 46, 44, 44, 44, 44, 44, 36, 36, 38, 38, 49, 49, 49, 49, 49, 49, 49, 49, 49, 49, 49, 49, 2550, 2550, 2550, 1388, 1388, 1388, 1388, 1866, 1866, 1866, 2550, 2550, 2550, 2550, 2550, 2550, 2550, 2550, 2550, 2550, 2550, 2550, 2550, 2550, 2550, 2550, 2550, 2550, 2550, 2550, 2550, 2550, 2550, 2550, 2550, 2550, 2550, 2550, 2550, 1915, 1915, 1915, 1886, 1886, 1886, 1886, 2550, 2550, 2550, 2550, 2550, 2550, 2550, 2550, 2550, 2550, 2550, 2550, 2550, 2550, 1900, 1900, 1900, 1900, 2550, 2550, 1254, 953, 954, 871, 590, 483, 496, 496, 496, 496, 496, 496, 340, 321, 321, 326, 326, 326, 326, 302, 302, 302, 154, 114, 95, 93, 93, 93, 93, 91, 91, 91, 91, 86, 86, 86, 86, 91, 91, 86, 86, 86, 93, 93, 93, 95, 95, 95, 94, 94, 99, 99, 99, 107, 107, 107, 103, 103, 107, 107, 113, 113, 113, 113, 113, 113, 113, 113, 113, 113, 113, 113, 113, 113, 113, 113, 326, 1023, 239, 121, 50, 46, 46, 40, 40, 40, 36, 32, 32, 32, 38, 44, 44, 44, 44, 44, 44, 44, 2550, 2550, 2550, 2550, 2550, 2550, 2550, 2550, 2550, 2550, 2550, 2550, 2550, 2550, 2550, 2550, 2550, 2550, 2550, 2550, 2550, 2550, 2550, 2550, 2550, 2550, 2550, 2550, 2550, 2550, 2550, 2550, 2550, 2550, 2550, 2550, 2550, 2550, 2550, 2550, 2550, 2550, 2550, 2550, 2550, 2550, 2550, 2550, 2550, 2550, 2550, 2550, 2550, 2550, 2550, 2550, 2550, 2550, 2550, 2550, 2550, 2550, 2550, 2550, 2550, 2550, 2550, 2550, 2550, 2550, 2550, 2550, 2550, 2550, 2550, 2550, 2550, 2550, 2550, 2550, 2550, 2550, 2550, 2550, 2550, 2550, 2550, 2550, 2550, 2550, 2550, 2550, 2550, 2550, 2550, 2550, 2550, 2550, 2550, 2550, 2550, 2550, 2550, 2550, 2550, 2550, 2550, 2550, 2550, 2550, 2550, 2550, 2550, 2550, 2550, 2550, 2550, 2550, 2550, 2550, 2550, 2550, 2550, 2550, 2550, 2550, 2550, 2550, 2550, 2550, 2550, 2550, 2550, 2550, 2550, 2550, 2550, 2550, 2550, 2550, 2550, 2550, 2550, 2550, 2550, 2550] ;
%%%%%%%%%%%%%%%%%%%%%%%%%%%%%%%%%%%%%%%%%%%%%%%%%%%%%%%%%%%%%%%%%%%%%%%%
