%Visualizing the output data

%Copy paste your data

testLV =  [49, 48, 48, 48, 48, 48, 48, 48, 48, 48, 48, 48, 48, 48, 48, 48, 48, 48, 48, 48, 48, 48, 48, 48, 48, 48, 48, 48, 48, 48, 48, 48, 48, 48, 48, 48, 48, 48, 48, 48, 48, 48, 48, 48, 48, 48, 48, 48, 48, 48, 48, 48, 48, 48, 48, 48, 48, 48, 48, 48, 48, 48, 48, 48, 48, 47, 48, 48, 48, 48, 48, 47, 47, 47, 47, 47, 47, 47, 47, 48, 47, 46, 47, 47, 47, 47, 47, 47, 47, 47, 48, 47, 48, 48, 47, 47, 47, 47, 47, 47, 47, 47, 47, 47, 47, 47, 47, 47, 47, 47, 47, 47, 48, 47, 47, 47, 47, 47, 47, 47, 47, 47, 47, 47, 47, 47, 47, 47, 47, 47, 47, 47, 47, 47, 47, 47, 47, 47, 47, 47, 47, 47, 47, 46, 46, 46, 46, 46, 46, 46, 46, 46, 46, 46, 46, 46, 46, 46, 46, 46, 46, 46, 46, 46, 46, 46, 46, 46, 46, 46, 46, 46, 46, 46, 46, 46, 46, 46, 46, 46, 46, 46, 46, 46, 46, 46, 46, 46, 46, 46, 46, 46, 46, 46, 46, 46, 46, 46, 46, 46, 46, 46, 46, 46, 46, 46, 46, 46, 46, 46, 46, 46, 46, 46, 46, 46, 46, 46, 46, 45, 46, 45, 46, 46, 45, 46, 46, 45, 46, 45, 46, 46, 46, 46, 46, 46, 46, 46, 46, 46, 46, 46, 46, 46, 46, 46, 46, 46, 46, 46, 46, 46, 46, 46, 46, 46, 46, 46, 46, 46, 46, 46, 47, 46, 46, 46, 46, 46, 46, 46, 46, 46, 47, 46, 46, 46, 46, 46, 46, 47, 46, 46, 46, 46, 46, 46, 46, 45, 45, 45, 45, 46, 46, 46, 46, 46, 46, 46, 46, 46, 46, 46, 46, 46, 46, 45, 45, 45, 45, 45, 46, 46, 46, 46, 46, 46, 46, 46, 46, 46, 46, 46, 46, 46, 46, 46, 46, 46, 46, 45, 46, 45, 46, 45, 44, 49, 49, 49, 49, 49, 50, 50, 50, 50, 50, 50, 50, 50, 50, 50, 50, 50, 50, 50, 50, 50, 50, 50, 50, 50, 50, 50, 50, 50, 50, 50, 50, 50, 50, 50, 50, 50, 50, 50, 50, 50, 51, 50, 50, 50, 50, 50, 50, 50, 51, 50, 51, 51, 51, 51, 51, 51, 51, 51, 51, 51, 51, 51, 51, 51, 51, 51, 51, 51, 50, 51, 51, 51, 51, 51, 51, 51, 51, 51, 51, 51, 51, 51, 51, 51, 51, 51, 51, 51, 51, 51, 51, 51, 51, 51, 51, 51, 51, 51, 51, 51, 51, 51, 51, 51, 51, 51, 51, 51, 51, 51, 51, 50, 51, 51, 52, 52, 51, 50, 51, 51, 51, 51, 51, 51, 51, 51, 51, 51, 51, 51, 51, 51, 51, 51, 51, 51, 51, 51, 51, 51, 51, 51, 51, 51, 51, 51, 51, 51, 51, 51, 51, 51, 51, 51, 51, 52, 52, 52, 52, 52, 52, 52, 52, 52, 52, 52, 52, 52, 52, 52, 52, 52, 52, 52, 52, 52, 64, 78, 72, 76, 75, 76, 77, 76, 76, 76, 76, 76, 76, 77, 76, 76, 76, 76, 77, 77, 77, 77, 77, 78, 71, 79, 53, 52, 53, 53, 53, 53, 53, 53, 53, 53, 52, 53, 53, 53, 53, 52, 53, 52, 52, 53, 53, 53, 52, 53, 53, 52, 52, 53, 52, 53, 53, 53, 53, 53, 52, 53, 53, 53, 53, 53, 53, 53, 53, 53, 53, 53, 53, 53, 53, 53, 53, 53, 53, 53, 53, 53, 53, 53, 53, 53, 53, 53, 53, 53, 53, 53, 53, 53, 53, 53, 53, 53, 53, 53, 53, 53, 53, 53, 53, 53, 54, 54, 54, 54, 54, 54, 54, 54, 54, 54, 54, 54, 54, 54, 54, 54, 55, 71, 72, 70, 70, 70, 70, 70, 70, 70, 70, 70, 70, 70, 70, 71, 71, 71, 71, 71, 71, 71, 72, 57, 55, 54, 54, 54, 55, 55, 54, 54, 55, 55, 55, 55, 55, 55, 55, 55, 55, 55, 55, 55, 55, 55, 55, 55, 55, 55, 55, 55, 55, 55, 54, 55, 55, 55, 55, 55, 55, 55, 55, 55, 55, 55, 55, 55, 56, 56, 57, 56, 56, 57, 56, 56, 56, 56, 55, 55, 55, 56, 56, 55, 56, 56, 56, 56, 56, 56, 56, 56, 56, 56, 56, 56, 56, 56, 56, 56, 56, 56, 56, 56, 56, 56, 56, 56, 56, 56, 56, 56, 56, 56, 56, 56, 56, 57, 56, 56, 56, 56, 56, 56, 56, 56, 56, 56, 56, 56, 56, 56, 56, 56, 56, 56, 56, 56, 56, 56, 56, 56, 56, 56, 56, 56, 56, 56, 56, 57, 53, 51, 49, 43, 32, 12, 1, 1, 0, 0, 0, 0, 0, 0, 0, 0, 0, 0, 0, 2, 55, 56, 56, 56, 55, 55, 56, 56, 56, 56, 56, 56, 56, 56, 56, 56, 56, 56, 56, 56, 56, 56, 56, 56, 56, 56, 56, 56, 56, 56, 56, 56, 56, 56, 56, 56, 56, 56, 56, 56, 56, 56, 56, 56, 56, 56, 56, 56, 56, 56, 56, 56, 56, 55, 55, 55, 55, 55, 55, 55, 55, 55, 55, 55, 55, 56, 56, 56, 56, 56, 56, 56, 56, 56, 56, 56, 56, 56, 56, 56, 56, 56, 56, 56, 56, 56, 56, 56, 56, 56, 56, 56, 56, 56, 55, 55, 54] ;
%%%%%%%%%%%%%%%%%%%%%%%%%%%%%%%%%%%%%%%%%%%%%%%%%%%%%%%%%%%%%%%%%%%%%%%%
testLC =  [34.56, 32.16, 30.76000000000001, 29.36, 27.96, 26.56, 25.16, 23.76, 22.36, 20.96, 19.56, 18.16, 16.76, 15.36, 13.96, 12.56, 11.16, 9.759999999999998, 8.359999999999999, 6.960000000000001, 5.560000000000002, 4.159999999999997, 2.759999999999998, 1.359999999999999, -0.03999999999999915, 0.0, 0.0, 0.0, 0.0, 0.0, 0.0, 0.0, 0.0, 0.0, 0.0, 0.0, 0.0, 0.0, 0.0, 0.0, 0.0, 0.0, 0.0, 0.0, 0.0, 0.0, 0.0, 0.0, 0.0, 0.0, 0.0, 0.0, 0.0, 0.0, 0.0, 0.0, 0.0, 0.0, 0.0, 0.0, 0.0, 0.0, 0.0, 0.0, 0.0, -0.9600000000000009, 0.03999999999999915, 0.03999999999999915, 0.03999999999999915, 0.03999999999999915, 0.03999999999999915, -0.9200000000000017, -0.8800000000000026, -0.8400000000000034, -0.7999999999999972, -0.759999999999998, -0.7199999999999989, -0.6799999999999997, -0.6400000000000006, 0.3599999999999994, -0.6000000000000014, 0, 0, 0, 0, 0, 0, 0, 0, 0, 0, 0, 0, 0, 0, 0, 0, 0, 0, 0, 0, 0, 0, 0, 0, 0, 0, 0, 0, 0, 0, 0, 0, 0, 0, 0, 0, 0, 0, 0, 0, 0, 0, 0, 0, 0, 0, 0, 0, 0, 0, 0, 0, 0, 0, 0, 0, 0, 0, 0, 0, 0, 0, 0, 0, 0, 0, 0, 0, 0, 0, 0, 0, 0, 0, 0, 0, 0, 0, 0, 0, 0, 0, 0, 0, 0, 0, 0, 0, 0, 0, 0, 0, 0, 0, 0, 0, 0, 0, 0, 0, 0, 0, 0, 0, 0, 0, 0, 0, 0, 0, 0, 0, 0, 0, 0, 0, 0, 0, 0, 0, 0, 0, 0, 0, 0, 0, 0, 0, 0, 0, 0, 0, 0, 0, 0, 0, 0, 0, 0, 0, 0, 0, 0, 0, 0, 0, 0, 0, 0, 0, 0, 0, 0, 0, 0, 0, 0, 0, 0, 0, 0, 0, 0, 0, 0, 0, 0, 0, 0, 0, 0, 0, 0, 0, 0, 0, 0, 0, 0, 0, 0, 0, 0, 0, 0, 0, 0, 0, 0, 0, 0, 0, 0, 0, 0, 0, 0, 0, 0, 0, 0, 0, 0, 0, 0, 0, 0, 0, 0, 0, 0, 0, 0, 0, 0, 0, 0, 0, 0, 0, 0, 0, 0, 0, 0, 0, 0, 0, 0, 0, 0, 0, 0, 0, 0, 0, 0, 0, 0, 0, 0, 0, 0, 0, 0, 0, 0, 0, 0, 0, 0, 0, 0, 0, 3.079999999999998, 2.960000000000001, 2.840000000000003, 2.719999999999999, 2.600000000000001, 3.439999999999998, 3.280000000000001, 3.119999999999997, 2.960000000000001, 2.799999999999997, 2.640000000000001, 2.479999999999997, 2.32, 2.159999999999997, 2.0, 1.840000000000003, 1.68, 1.520000000000003, 1.359999999999999, 1.159999999999997, 1.0, 0.7999999999999972, 0.6400000000000006, 0.4399999999999977, 0.2000000000000028, 0.1599999999999966, 0.1199999999999974, 0.07999999999999829, 0.03999999999999915, 0.0, 0.0, 0.0, 0.0, 0.0, 0.0, 0.0, 0.0, 0.0, 0.0, 0.0, 0.0, 0.9600000000000009, -0.03999999999999915, -0.03999999999999915, -0.03999999999999915, -0.03999999999999915, -0.03999999999999915, -0.03999999999999915, -0.03999999999999915, 0.9200000000000017, -0.07999999999999829, 0.8800000000000026, 0.8400000000000034, 0.7999999999999972, 0.759999999999998, 0.7199999999999989, 0.6799999999999997, 0.6400000000000006, 0.6000000000000014, 0.5600000000000023, 0.5200000000000031, 0.4799999999999969, 0.4399999999999977, 0.3999999999999986, 0.3599999999999994, 0.3200000000000003, 0.3200000000000003, 0.2800000000000011, 0.240000000000002, -0.759999999999998, 0.2000000000000028, 0.1599999999999966, 0.1199999999999974, 0.07999999999999829, 0.07999999999999829, 0.03999999999999915, 0.03999999999999915, 0.03999999999999915, 0.03999999999999915, 0.03999999999999915, 0.03999999999999915, 0.03999999999999915, 0.03999999999999915, 0.03999999999999915, 0.03999999999999915, 0.03999999999999915, 0.03999999999999915, 0.03999999999999915, 0.03999999999999915, 0.03999999999999915, 0.03999999999999915, 0.03999999999999915, 0.03999999999999915, 0.03999999999999915, 0.0, 0.0, 0.0, 0.0, 0.0, 0.0, 0.0, 0.0, 0.0, 0.0, 0.0, 0.0, 0.0, 0.0, 0.0, 0.0, 0.0, 0.0, -0.9600000000000009, 0.03999999999999915, 0.03999999999999915, 1.0, 0.9600000000000009, -0.03999999999999915, -1.0, 0.0, 0.0, 0.0, 0.0, 0.0, 0.0, 0.0, 0.0, 0.0, 0.0, 0.0, 0.0, 0.0, 0.0, 0.0, 0.0, 0.0, 0.0, -0.03999999999999915, -0.03999999999999915, -0.03999999999999915, 0.0, 0.03999999999999915, 0.03999999999999915, 0.0, 0.0, 0.0, 0.0, 0.0, 0.0, 0.0, 0.0, 0.0, 0.0, 0.0, 0.0, 0.0, 0.9600000000000009, 0.9200000000000017, 0.8800000000000026, 0.8400000000000034, 0.7999999999999972, 0.759999999999998, 0.7199999999999989, 0.6799999999999997, 0.6400000000000006, 0.6000000000000014, 0.5600000000000023, 0.5200000000000031, 0.4799999999999969, 0.4399999999999977, 0.3999999999999986, 0.3599999999999994, 0.3200000000000003, 0.2800000000000011, 0.240000000000002, 0.2000000000000028, 0.1599999999999966, 11.64, 24.56, 17.72, 20.72, 18.8, 18.84, 18.84, 16.88, 15.92, 14.96, 14.0, 13.04, 12.08, 12.08, 10.12, 9.159999999999997, 